europ  0.6989700043360189 1.0 1873.0
163 0.0627082622836884
europ  0.6989700043360189 1.0 3168.0
176 0.054403418500977165
europ  0.6989700043360189 1.0 1582.0
173 0.04979574423723685
europ  0.6989700043360189 1.0 1770.0
80 0.04940083307555843
europ  0.6989700043360189 1.0 2374.0
137 0.04761331862703186
europ  0.6989700043360189 1.0 2841.0
169 0.04692957407967742
europ  0.6989700043360189 1.0 3017.0
183 0.0469199325723242
europ  0.6989700043360189 1.0 2782.0
7 0.04586150321861957
europ  0.6989700043360189 1.0 4669.0
115 0.04512886242739682
europ  0.6989700043360189 1.0 1068.0
191 0.044652568474631484
