ralli  0.47712125471966244 1.0 2050.0
stock  0.0 1.0 2050.0
196 0.0497638698722798
ralli  0.47712125471966244 1.0 500.0
stock  0.0 1.0 500.0
18 0.04762924680055529
ralli  0.47712125471966244 1.0 4755.0
stock  0.0 1.0 4755.0
158 0.047085444048373976
ralli  0.47712125471966244 1.0 1250.0
stock  0.0 1.0 1250.0
190 0.0455869273119517
ralli  0.47712125471966244 1.0 1213.0
stock  0.0 1.0 1213.0
1 0.045054444461536204
ralli  0.47712125471966244 1.0 1301.0
stock  0.0 1.0 1301.0
127 0.039314493280552414
ralli  0.47712125471966244 1.0 1550.0
stock  0.0 1.0 1550.0
171 0.037431482708469514
ralli  0.47712125471966244 1.0 1654.0
stock  0.0 1.0 1654.0
161 0.03717750740238072
ralli  0.47712125471966244 1.0 1162.0
stock  0.0 1.0 1162.0
192 0.03688584613722039
ralli  0.47712125471966244 1.0 2962.0
stock  0.0 1.0 2962.0
136 0.03553942672784028
