higher  0.0 1.0 1213.0
futur  0.3010299956639812 1.0 1213.0
stock  0.0 1.0 1213.0
1 0.030145714661036865
futur  0.3010299956639812 1.0 1495.0
stock  0.0 1.0 1495.0
88 0.03000440189061838
higher  0.0 1.0 1490.0
futur  0.3010299956639812 1.0 1490.0
stock  0.0 1.0 1490.0
182 0.0297281963196527
higher  0.0 1.0 1889.0
futur  0.3010299956639812 1.0 1889.0
stock  0.0 1.0 1889.0
12 0.029482572330282928
futur  0.3010299956639812 1.0 2019.0
stock  0.0 1.0 2019.0
151 0.029062687160142976
higher  0.0 1.0 2741.0
futur  0.3010299956639812 1.0 2741.0
stock  0.0 1.0 2741.0
111 0.02709283389522817
higher  0.0 1.0 2793.0
futur  0.3010299956639812 1.0 2793.0
stock  0.0 1.0 2793.0
197 0.026751945734160155
higher  0.0 1.0 2198.0
futur  0.3010299956639812 1.0 2198.0
stock  0.0 1.0 2198.0
19 0.026684080715130076
higher  0.0 1.0 1604.0
futur  0.3010299956639812 1.0 1604.0
stock  0.0 1.0 1604.0
154 0.02616121173217133
higher  0.0 1.0 3610.0
futur  0.3010299956639812 1.0 3610.0
stock  0.0 1.0 3610.0
58 0.025997893280860752
