crisi  0.6020599913279624 1.0 1950.0
debt  0.47712125471966244 1.0 1950.0
198 0.09795250172816247
crisi  0.6020599913279624 1.0 2896.0
debt  0.47712125471966244 1.0 2896.0
112 0.08298302000774696
crisi  0.6020599913279624 1.0 5269.0
debt  0.47712125471966244 1.0 5269.0
124 0.08275643985971329
crisi  0.6020599913279624 1.0 3137.0
debt  0.47712125471966244 1.0 3137.0
178 0.07776250983619004
crisi  0.6020599913279624 1.0 730.0
debt  0.47712125471966244 1.0 730.0
179 0.07759458426190134
crisi  0.6020599913279624 1.0 1166.0
debt  0.47712125471966244 1.0 1166.0
100 0.07732027168150973
crisi  0.6020599913279624 1.0 2470.0
debt  0.47712125471966244 1.0 2470.0
110 0.07084218259181829
crisi  0.6020599913279624 1.0 3088.0
debt  0.47712125471966244 1.0 3088.0
123 0.070414087167696
crisi  0.6020599913279624 1.0 2266.0
debt  0.47712125471966244 1.0 2266.0
188 0.07008706313643034
crisi  0.6020599913279624 1.0 2967.0
debt  0.47712125471966244 1.0 2967.0
130 0.0699230491852563
